8 0 0
3 1 0
14 1 0
7 2 0
2 3 0
13 3 0
4 4 0
10 5 0
12 5 0
3 6 0
7 6 0
13 7 0
2 8 0
6 8 0
12 9 0
1 10 0
5 10 0
9 11 0
11 11 0
0 12 0
5 12 0
9 13 0
11 13 0
0 14 0
4 14 0
6 0 1
1 1 1
10 1 1
12 1 1
5 2 1
0 3 1
9 3 1
11 3 1
6 4 1
14 5 1
1 6 1
5 6 1
9 7 1
11 7 1
0 8 1
4 8 1
8 9 1
10 9 1
3 10 1
14 10 1
7 11 1
3 12 1
13 12 1
7 13 1
2 14 1
13 14 1
4 0 2
8 1 2
14 1 2
3 2 2
13 3 2
2 4 2
4 4 2
8 5 2
10 5 2
12 5 2
3 6 2
7 7 2
2 8 2
13 8 2
6 9 2
1 10 2
12 10 2
5 11 2
1 12 2
9 12 2
11 12 2
5 13 2
0 14 2
9 14 2
11 14 2
2 0 3
6 1 3
10 1 3
12 1 3
1 2 3
7 3 3
9 3 3
11 3 3
0 4 3
6 5 3
1 6 3
14 6 3
5 7 3
0 8 3
9 8 3
11 8 3
4 9 3
8 10 3
10 10 3
14 10 3
3 11 3
7 12 3
13 12 3
3 13 3
7 14 3
13 14 3
0 0 4
4 1 4
8 1 4
14 2 4
3 3 4
5 3 4
13 4 4
4 5 4
8 6 4
10 6 4
12 6 4
3 7 4
7 8 4
13 8 4
2 9 4
6 10 4
12 10 4
1 11 4
5 12 4
9 12 4
11 12 4
1 13 4
5 14 4
9 14 4
11 14 4
13 0 5
2 1 5
6 1 5
10 2 5
12 2 5
1 3 5
7 4 5
9 4 5
11 4 5
0 5 5
2 5 5
6 6 5
1 7 5
5 8 5
9 8 5
11 8 5
0 9 5
4 10 5
8 10 5
10 10 5
14 11 5
3 12 5
7 12 5
14 13 5
3 14 5
7 14 5
0 0 6
9 0 6
11 0 6
4 1 6
8 2 6
14 2 6
3 3 6
5 3 6
13 4 6
4 5 6
8 6 6
10 6 6
12 6 6
3 7 6
14 7 6
7 8 6
2 9 6
13 9 6
6 10 6
1 11 6
12 11 6
5 12 6
1 13 6
10 13 6
12 13 6
5 14 6
7 0 7
13 0 7
2 1 7
10 2 7
12 2 7
1 3 7
7 4 7
9 4 7
11 4 7
0 5 7
2 5 7
6 6 7
1 7 7
5 8 7
0 9 7
9 9 7
11 9 7
4 10 7
8 11 7
10 11 7
14 11 7
3 12 7
8 13 7
14 13 7
3 14 7
5 0 8
9 0 8
11 0 8
0 1 8
4 2 8
6 2 8
8 2 8
14 3 8
5 4 8
13 5 8
4 6 8
8 7 8
10 7 8
12 7 8
14 7 8
3 8 8
7 9 8
13 9 8
2 10 8
6 11 8
12 11 8
1 12 8
6 13 8
10 13 8
12 13 8
1 14 8
3 0 9
7 0 9
13 1 9
2 2 9
10 3 9
12 3 9
1 4 9
3 4 9
7 5 9
9 5 9
11 5 9
2 6 9
6 7 9
1 8 9
5 9 9
9 9 9
11 9 9
0 10 9
4 11 9
8 11 9
10 11 9
14 12 9
4 13 9
8 13 9
14 14 9
1 0 10
5 0 10
9 1 10
11 1 10
0 2 10
4 2 10
6 3 10
8 3 10
14 4 10
5 5 10
0 6 10
13 6 10
4 7 10
8 7 10
10 7 10
14 8 10
3 9 10
7 9 10
13 10 10
2 11 10
6 11 10
12 12 10
2 13 10
6 13 10
10 14 10
12 14 10
3 0 11
7 1 11
13 1 11
2 2 11
10 3 11
12 3 11
1 4 11
3 4 11
7 5 11
9 5 11
11 5 11
2 6 11
6 7 11
1 8 11
12 8 11
5 9 11
0 10 11
9 10 11
11 10 11
4 11 11
0 12 11
8 12 11
10 12 11
4 13 11
8 14 11
14 14 11
1 0 12
5 1 12
9 1 12
11 1 12
0 2 12
6 3 12
8 3 12
14 4 12
5 5 12
0 6 12
13 6 12
4 7 12
8 8 12
10 8 12
14 8 12
3 9 12
7 10 12
13 10 12
2 11 12
6 12 12
13 12 12
2 13 12
6 14 12
10 14 12
12 14 12
14 0 13
3 1 13
7 1 13
13 2 13
2 3 13
4 3 13
10 4 13
12 4 13
3 5 13
7 6 13
9 6 13
11 6 13
2 7 13
6 8 13
12 8 13
1 9 13
5 10 13
9 10 13
11 10 13
0 11 13
4 12 13
9 12 13
11 12 13
0 13 13
4 14 13
8 14 13
10 0 14
12 0 14
1 1 14
5 1 14
9 2 14
11 2 14
0 3 14
6 4 14
8 4 14
1 5 14
14 5 14
5 6 14
0 7 14
4 8 14
8 8 14
10 8 14
14 9 14
3 10 14
7 10 14
13 11 14
2 12 14
7 12 14
13 13 14
2 14 14
6 14 14
